11053 365
11057 814
11061 1358
11063 943
11064 726
11067 948
11068 1146
11069 869
11071 882
11073 999
11076 1434
11077 1365
11079 561
11080 740
11081 875
11085 75
11086 211
11089 1375
11092 538
11093 207
11095 1377
11096 841
11097 982
11098 817
11099 713
11100 279
11101 972
11102 890
11103 711
11104 1155
11105 718
11107 825
11110 305
11112 179
11115 1154
11117 937
11118 918
11119 334
11120 723
11121 911
11124 1504
11127 870
11134 649
11135 182
11142 643
11153 839
11154 591
11155 1301
11158 145
11161 579
11164 1416
11166 546
11172 188
11175 1465
11182 1137
11186 1403
11192 1378
11194 1475
11200 603
11201 661
11202 317
11204 618
11205 958
11207 1417
11209 508
11210 1334
11213 171
11222 453
11223 614
11225 0544C
11231 633
11236 632
11240 1151
11247 1022
11260 1494
10897 3002
10898 3004
10899 3005
10905 3010
10906 3006
10907 3007
10909 3022
10916 3013
10919 3020
10924 3015
10925 3012
10926 3009
10928 3021
10929 3031
10930 3016
10933 3014
10936 3034
10937 3028
10943 3041
10944 3037
10946 3039
10947 3024
10953 3038
10956 3046
10958 3045
10961 3050
10963 3044
10964 3036
10966 3049
10967 3040
10969 3053
10970 3051
10971 3058
10973 3035
10976 3076
10977 3062
10979 3067
10981 3063
10984 3080
10985 3074
10986 3069
10987 3056
10988 3078
10989 3104
10990 3081
10991 3061
10992 3043
10993 3093
10996 3026
10998 3060
10999 3077
11000 3064
11001 3082
11002 3095
11003 3096
11004 3094
11005 3073
11006 3075
11007 3100
11008 3103
11009 3101
11010 3085
11011 3079
11012 3115
11013 3088
11014 3098
11015 3108
11016 3109
11017 3111
11018 3110
11019 3112
11020 3054
11021 3087
11022 3084
11023 3121
11029 3126
11030 3125
11031 3114
11032 3102
11033 3089
11034 3092
11035 3106
11036 3116
11037 3118
11038 3105
11039 3123
11041 3127
11044 3097
11045 3120
11048 3113
11049 3122
