
10002 10173 10174 10177
10013 10018 10019
10013 10018 10019 10881
10015 10016 10017
10018 10019 10881
10030 10102 10105 10110
10103 10152 10153
10114 10115
10123 10608
10124 10125 10163
10134 10297
10140 10141
10143 10568
10146 10147
10148 10228
10148 10288
10148 10288 10488
10150 10151
10152 10153
10157 10171 10172 10365 10463
10157 10365 10463
10165 10166
10169 10170
10173 10174 10177
10173 10174 10177 10482 14052
10175 10176
10183 10184
10187 10188
10187 10188 15224
10190 10191
10193 10194
10195 10472
10196 10197
10198 10199
10201 10202
10204 10226
10207 10208
10209 10210
10209 10210 11091
10210 11091
10215 10216 10225
10218 10527
10220 10221
10220 10221 10466 10771
10229 10230
10232 10233 10267 10268 10275 10280 10281 10282
10235 10236
10240 10241
10243 10244
10245 10246 10260 10261 10434
10248 10408
10249 10256
10252 10253 10443 10889
10252 10253 10889
10252 10889
10298 10307
10300 10477
10315 10316 10572
10323 10428
10329 10335 10336
10332 10333
10338 10339
10343 10344
10348 10350
10352 10604
10354 10362
10360 10361
10367 10368
10370 10409
10374 10375
10391 10534
10396 10398
10406 10636
10406 10636 10637
10431 10587
10455 10456
10466 10773 10774
10470 10479 10480
10485 10486
10500 10501
10542 10666 10667
10544 10545
10558 10839 10840 10841
10576 10577
10580 10581
10589 10590 10599
10593 10594
10605 10606
10626 10627
10626 10627 10628
10632 10633
10635 10656
10636 10637
10644 10664
10645 10646
10648 10649
10653 10654
10661 10662
10661 10662 10677 10678
10669 10705
10671 10672
10673 10674
10673 10674 11186
10673 11186
10674
10677 10678
10681 10682 11246
10683 10684
10687 10688
10689 10696
10699 10717
10700 10701
10712 10713
10750 11338
10753 10754
10760 10825
10763 10764
10773 10774
10778 10807
10783 10784 10801
10790 10980
10791 10792
10795 10796
10795 10796 11149
10795 11149
10797 10922
10809 10810
10815 10817
10823 10824
10826 10827
10829 10830
10835 10836
10839 10840 10841
10843 11171
10849 10850
10871 10878
10874 10875
10876 10877
10887 10888
10890 10891
10920 11139
10938 10962
10949 11170
10950 9936
10959 11442
11059 11065 11074 11078 11090 11130 11147 11152 11159
11087 11140
11094 11133
11157 11292
11211 11227
11216 11283 11284
11216 11284
11272 11275
11283 11284
11294 11308
11385 11397
9946 9947
9953 9954
9957 9958
9963 9964
9967 9968
9980 9981 9982
9988 9989 9990
