
10002 10173 10174 10177 
10103 10152 10153 
10124 10125 10163 
10148 10228 
10148 10288 
10152 10153 
10157 10365 10463 
10169 10170 
10173 10174 10177 
10173 10174 10177 10482 14052 
10175 10176 
10183 10184 
10187 10188 
10187 10188 15224 
10193 10194 
10195 10472 
10198 10199 
10201 10202 
10204 10226 
10215 10216 10225 
10218 10527 
10220 10221 
10240 10241 
10248 10408 
10249 10256 
10252 10253 10889 
10252 10889 
10300 10477 
10315 10316 10572 
10329 10335 10336 
10332 10333 
10338 10339 
10343 10344 
10360 10361 
10367 10368 
10370 10409 
10406 10636 10637 
10466 10773 10774 
10470 10479 10480 
10485 10486 
10542 10666 10667 
10558 10839 10840 10841 
10589 10590 10599 
10626 10627 
10653 10654 
10661 10662 
10661 10662 10677 10678 
10671 10672 
10673 10674 
10674 
10699 10717 
10700 10701 
10712 10713 
10760 10825 
10778 10807 
10783 10784 10801 
10823 10824 
10826 10827 
10849 10850 
10871 10878 
10874 10875 
10887 10888 
