PSCor PSCorErr PSErr ASCor ASErrCor ASErr OSCor OSErrCor OSErr Dropped total AScor.lat ASErrCor.lat ASErr.lat PScor.lat PSErrCor.lat PSErr.lat OScor.lat OSErrCor.lat OSErr.lat subj date run type
45 0 0 0 0 0 0 0 0 3 48 NA NA NA 151.577777777778 NA NA NA NA NA 10204 20090302 1 VGS
46 1 0 0 0 0 0 0 0 1 48 NA NA NA 170.652173913043 84 NA NA NA NA 10204 20100127 1 VGS
0 0 0 0 0 1 NA NA NA 1 2 NA NA NA NA NA NA NA NA NA 10204 20051014 1 Anti
0 0 0 0 0 1 NA NA NA 1 2 NA NA NA NA NA NA NA NA NA 10204 20070104 1 Anti
0 0 0 0 0 1 NA NA NA 1 2 NA NA NA NA NA NA NA NA NA 10204 20080103 1 Anti
0 0 0 44 4 0 0 0 0 0 48 206.204545454545 113.5 NA NA NA NA NA NA NA 10204 20090302 1 Anti
0 0 0 44 3 0 0 0 0 1 48 220.090909090909 113 NA NA NA NA NA NA NA 10204 20100127 1 Anti
0 0 0 0 0 0 0 0 0 48 48 NA NA NA NA NA NA NA NA NA 10204 20051014 1 Fix
0 0 0 0 0 0 0 0 0 48 48 NA NA NA NA NA NA NA NA NA 10204 20070104 1 Fix
0 0 0 0 0 0 0 0 0 48 48 NA NA NA NA NA NA NA NA NA 10204 20080103 1 Fix
0 0 0 0 0 0 48 0 0 0 48 NA NA NA NA NA NA NA NA NA 10204 20090302 1 Fix
0 0 0 0 0 0 48 0 0 0 48 NA NA NA NA NA NA NA NA NA 10204 20100127 1 Fix
0 0 0 0 0 1 NA NA NA 1 2 NA NA NA NA NA NA NA NA NA 10155 20040131 1 Anti
0 0 0 0 0 1 NA NA NA 1 2 NA NA NA NA NA NA NA NA NA 10155 20050718 1 Anti
0 0 0 0 0 0 0 0 0 48 48 NA NA NA NA NA NA NA NA NA 10155 20040131 1 Fix
0 0 0 0 0 0 0 0 0 48 48 NA NA NA NA NA NA NA NA NA 10155 20050718 1 Fix
45 2 0 0 0 0 0 0 0 1 48 NA NA NA 160.066666666667 98 NA NA NA NA 10202 20081222 1 VGS
45 2 0 0 0 0 0 0 0 1 48 NA NA NA 135.822222222222 102.5 NA NA NA NA 10202 20100105 1 VGS
0 0 0 0 0 1 NA NA NA 1 2 NA NA NA NA NA NA NA NA NA 10202 20051013 1 Anti
0 0 0 0 0 1 NA NA NA 1 2 NA NA NA NA NA NA NA NA NA 10202 20061113 1 Anti
0 0 0 0 0 1 NA NA NA 1 2 NA NA NA NA NA NA NA NA NA 10202 20071217 1 Anti
0 0 0 39 8 0 0 0 0 1 48 215.128205128205 135.5 NA NA NA NA NA NA NA 10202 20081222 1 Anti
0 0 0 36 11 0 0 0 0 1 48 170.583333333333 145.636363636364 NA NA NA NA NA NA NA 10202 20100105 1 Anti
0 0 0 0 0 0 0 0 0 48 48 NA NA NA NA NA NA NA NA NA 10202 20051013 1 Fix
0 0 0 0 0 0 0 0 0 48 48 NA NA NA NA NA NA NA NA NA 10202 20061113 1 Fix
0 0 0 0 0 0 0 0 0 48 48 NA NA NA NA NA NA NA NA NA 10202 20071217 1 Fix
0 0 0 0 0 0 45 0 2 1 48 NA NA NA NA NA NA NA NA 145.5 10202 20081222 1 Fix
0 0 0 0 0 0 47 0 0 1 48 NA NA NA NA NA NA NA NA NA 10202 20100105 1 Fix
48 0 0 0 0 0 0 0 0 0 48 NA NA NA 165.4375 NA NA NA NA NA 10181 20090107 1 VGS
38 0 0 0 0 0 0 0 0 10 48 NA NA NA 211.026315789474 NA NA NA NA NA 10181 20091201 1 VGS
0 0 0 0 0 1 NA NA NA 1 2 NA NA NA NA NA NA NA NA NA 10181 20050921 1 Anti
0 0 0 0 0 1 NA NA NA 1 2 NA NA NA NA NA NA NA NA NA 10181 20061204 1 Anti
0 0 0 0 0 1 NA NA NA 1 2 NA NA NA NA NA NA NA NA NA 10181 20071130 1 Anti
0 0 0 45 3 0 0 0 0 0 48 246.133333333333 138.333333333333 NA NA NA NA NA NA NA 10181 20090107 1 Anti
0 0 0 40 4 0 0 0 0 4 48 261 156.75 NA NA NA NA NA NA NA 10181 20090527 1 Anti
0 0 0 37 1 0 0 0 0 10 48 248.540540540541 132 NA NA NA NA NA NA NA 10181 20091201 1 Anti
0 0 0 45 3 0 0 0 0 0 48 225.911111111111 128.333333333333 NA NA NA NA NA NA NA 10181 20101112 1 Anti
0 0 0 35 7 0 0 0 0 6 48 210 120.142857142857 NA NA NA NA NA NA NA 10181 20121019 1 Anti
0 0 0 0 0 0 0 0 0 48 48 NA NA NA NA NA NA NA NA NA 10181 20050921 1 Fix
0 0 0 0 0 0 0 0 0 48 48 NA NA NA NA NA NA NA NA NA 10181 20061204 1 Fix
0 0 0 0 0 0 0 0 0 48 48 NA NA NA NA NA NA NA NA NA 10181 20071130 1 Fix
0 0 0 0 0 0 47 0 0 1 48 NA NA NA NA NA NA NA NA NA 10181 20090107 1 Fix
0 0 0 0 0 0 39 0 4 5 48 NA NA NA NA NA NA NA NA 182.5 10181 20091201 1 Fix
0 0 0 42 4 0 0 0 0 2 48 294.190476190476 214.5 NA NA NA NA NA NA NA 10841 20100728 1 Anti
0 0 0 47 0 0 0 0 0 1 48 251.617021276596 NA NA NA NA NA NA NA NA 10841 20120604 1 Anti
0 0 0 32 5 0 0 0 0 11 48 276.4375 224.2 NA NA NA NA NA NA NA 10797 20100312 1 Anti
0 0 0 36 4 1 0 0 0 7 48 248.777777777778 171 259 NA NA NA NA NA NA 10797 20111026 1 Anti
0 0 0 41 3 0 0 0 0 4 48 234.585365853659 158.666666666667 NA NA NA NA NA NA NA 10797 20130405 1 Anti
0 0 0 33 13 0 0 0 0 2 48 195.515151515152 139.307692307692 NA NA NA NA NA NA NA 10802 20100318 1 Anti
0 0 0 41 2 0 0 0 0 5 48 236.585365853659 96.5 NA NA NA NA NA NA NA 10802 20130319 1 Anti
0 0 0 19 10 5 0 0 0 14 48 260.947368421053 203.9 199.8 NA NA NA NA NA NA 10773 20091212 1 Anti
0 0 0 31 16 0 0 0 0 1 48 253.451612903226 177.875 NA NA NA NA NA NA NA 10773 20110624 1 Anti
0 0 0 33 6 0 0 0 0 9 48 246.545454545455 145.5 NA NA NA NA NA NA NA 10773 20130220 1 Anti
0 0 0 37 10 0 0 0 0 1 48 244.189189189189 170.7 NA NA NA NA NA NA NA 10872 20101221 1 Anti
0 0 0 46 0 0 0 0 0 2 48 257.195652173913 NA NA NA NA NA NA NA NA 10872 20120627 1 Anti
0 0 0 43 2 0 0 0 0 3 48 224.023255813953 187.5 NA NA NA NA NA NA NA 10872 20131129 1 Anti
36 2 0 0 0 0 0 0 0 10 48 NA NA NA 145.916666666667 110.5 NA NA NA NA 10221 20081110 1 VGS
45 0 0 0 0 0 0 0 0 3 48 NA NA NA 154.755555555556 NA NA NA NA NA 10221 20091121 1 VGS
45 0 0 0 0 0 0 0 0 3 48 NA NA NA 170.711111111111 NA NA NA NA NA 10221 20120413 1 VGS
46 0 0 0 0 0 0 0 0 2 48 NA NA NA 152.695652173913 NA NA NA NA NA 10221 20130325 1 VGS
0 0 0 0 0 1 NA NA NA 1 2 NA NA NA NA NA NA NA NA NA 10221 20051115 1 Anti
0 0 0 0 0 1 NA NA NA 1 2 NA NA NA NA NA NA NA NA NA 10221 20071101 1 Anti
0 0 0 33 10 0 0 0 0 5 48 215.060606060606 131.5 NA NA NA NA NA NA NA 10221 20081110 1 Anti
0 0 0 38 9 0 0 0 0 1 48 233.552631578947 141 NA NA NA NA NA NA NA 10221 20091121 1 Anti
0 0 0 40 5 0 0 0 0 3 48 253.65 161.8 NA NA NA NA NA NA NA 10221 20120413 1 Anti
0 0 0 41 3 0 0 0 0 4 48 274.512195121951 121.333333333333 NA NA NA NA NA NA NA 10221 20130325 1 Anti
0 0 0 0 0 0 0 0 0 48 48 NA NA NA NA NA NA NA NA NA 10221 20051115 1 Fix
0 0 0 0 0 0 0 0 0 48 48 NA NA NA NA NA NA NA NA NA 10221 20071101 1 Fix
0 0 0 0 0 0 41 0 2 5 48 NA NA NA NA NA NA NA NA 440.5 10221 20081110 1 Fix
0 0 0 0 0 0 48 0 0 0 48 NA NA NA NA NA NA NA NA NA 10221 20091121 1 Fix
0 0 0 0 0 0 40 0 5 3 48 NA NA NA NA NA NA NA NA 498.4 10221 20120413 1 Fix
0 0 0 0 0 0 35 0 11 2 48 NA NA NA NA NA NA NA NA 740 10221 20130325 1 Fix
45 0 0 0 0 0 0 0 0 3 48 NA NA NA 183.466666666667 NA NA NA NA NA 10816 20111107 1 VGS
47 0 0 0 0 0 0 0 0 1 48 NA NA NA 173.595744680851 NA NA NA NA NA 10816 20121130 1 VGS
43 1 0 0 0 0 0 0 0 4 48 NA NA NA 142.651162790698 93 NA NA NA NA 10816 20131218 1 VGS
0 0 0 44 1 0 0 0 0 3 48 282.75 80 NA NA NA NA NA NA NA 10816 20111107 1 Anti
0 0 0 45 3 0 0 0 0 0 48 230.4 128 NA NA NA NA NA NA NA 10816 20121130 1 Anti
0 0 0 39 3 0 0 0 0 6 48 208.102564102564 106.333333333333 NA NA NA NA NA NA NA 10816 20131218 1 Anti
0 0 0 0 0 0 42 0 2 4 48 NA NA NA NA NA NA NA NA 379.5 10816 20111107 1 Fix
0 0 0 0 0 0 36 0 11 1 48 NA NA NA NA NA NA NA NA 424 10816 20121130 1 Fix
0 0 0 0 0 0 22 0 11 15 48 NA NA NA NA NA NA NA NA 440.090909090909 10816 20131218 1 Fix
0 0 0 27 14 1 0 0 0 6 48 301.259259259259 165.714285714286 317 NA NA NA NA NA NA 10666 20090414 1 Anti
0 0 0 40 3 0 0 0 0 5 48 270.3 131.666666666667 NA NA NA NA NA NA NA 10666 20101110 1 Anti
0 0 0 42 4 0 0 0 0 2 48 265.119047619048 133.5 NA NA NA NA NA NA NA 10666 20120925 1 Anti
0 0 0 4 33 2 0 0 0 9 48 275.25 166.151515151515 153 NA NA NA NA NA NA 10811 20100403 1 Anti
0 0 0 22 16 2 0 0 0 8 48 282.181818181818 199.625 179 NA NA NA NA NA NA 10811 20111031 1 Anti
0 0 0 46 1 0 0 0 0 1 48 258 130 NA NA NA NA NA NA NA 10811 20140320 1 Anti
0 0 0 17 24 0 0 0 0 7 48 439.176470588235 218.25 NA NA NA NA NA NA NA 10821 20100524 1 Anti
0 0 0 26 20 1 0 0 0 1 48 334.961538461538 189.1 275 NA NA NA NA NA NA 10821 20120213 1 Anti
0 0 0 41 7 0 0 0 0 0 48 302.731707317073 167.285714285714 NA NA NA NA NA NA NA 10821 20130822 1 Anti
40 3 0 0 0 0 0 0 0 5 48 NA NA NA 266.15 122.333333333333 NA NA NA NA 10292 20080520 1 VGS
38 0 0 0 0 0 0 0 0 10 48 NA NA NA 252.605263157895 NA NA NA NA NA 10292 20090415 1 VGS
39 1 2 0 0 0 0 0 0 6 48 NA NA NA 231 294 624.5 NA NA NA 10292 20100417 1 VGS
0 0 0 0 0 1 NA NA NA 1 2 NA NA NA NA NA NA NA NA NA 10292 20060421 1 Anti
0 0 0 0 0 1 NA NA NA 1 2 NA NA NA NA NA NA NA NA NA 10292 20070501 1 Anti
0 0 0 29 14 0 0 0 0 5 48 384.724137931034 229.571428571429 NA NA NA NA NA NA NA 10292 20080520 1 Anti
0 0 0 25 14 2 0 0 0 7 48 421.16 256.785714285714 583 NA NA NA NA NA NA 10292 20090415 1 Anti
0 0 0 25 15 3 0 0 0 5 48 339.6 217.4 320.666666666667 NA NA NA NA NA NA 10292 20100417 1 Anti
0 0 0 0 0 0 0 0 0 48 48 NA NA NA NA NA NA NA NA NA 10292 20060421 1 Fix
0 0 0 0 0 0 0 0 0 48 48 NA NA NA NA NA NA NA NA NA 10292 20070501 1 Fix
0 0 0 0 0 0 26 0 19 3 48 NA NA NA NA NA NA NA NA 365.157894736842 10292 20080520 1 Fix
0 0 0 0 0 0 38 0 8 2 48 NA NA NA NA NA NA NA NA 352.875 10292 20090415 1 Fix
0 0 0 0 0 0 34 0 14 0 48 NA NA NA NA NA NA NA NA 435.785714285714 10292 20100417 1 Fix
0 0 0 27 14 2 0 0 0 5 48 328.296296296296 193.928571428571 325.5 NA NA NA NA NA NA 10827 20100617 1 Anti
0 0 0 25 15 0 0 0 0 8 48 294.84 204.266666666667 NA NA NA NA NA NA NA 10827 20120209 1 Anti
37 1 0 0 0 0 0 0 0 10 48 NA NA NA 191.864864864865 82 NA NA NA NA 10479 20081023 1 VGS
28 2 0 0 0 0 0 0 0 18 48 NA NA NA 218.857142857143 185.5 NA NA NA NA 10479 20091019 1 VGS
0 0 0 0 0 1 NA NA NA 1 2 NA NA NA NA NA NA NA NA NA 10479 20071016 1 Anti
0 0 0 13 23 0 0 0 0 12 48 289.230769230769 158.173913043478 NA NA NA NA NA NA NA 10479 20081023 1 Anti
0 0 0 20 12 0 0 0 0 16 48 345.85 187.5 NA NA NA NA NA NA NA 10479 20091019 1 Anti
0 0 0 29 18 0 0 0 0 1 48 247.965517241379 147.055555555556 NA NA NA NA NA NA NA 10479 20101021 1 Anti
0 0 0 0 0 0 0 0 0 48 48 NA NA NA NA NA NA NA NA NA 10479 20071016 1 Fix
0 0 0 0 0 0 26 0 16 6 48 NA NA NA NA NA NA NA NA 321 10479 20081023 1 Fix
0 0 0 0 0 0 27 0 15 6 48 NA NA NA NA NA NA NA NA 392.4 10479 20091019 1 Fix
0 0 0 0 0 1 NA NA NA 1 2 NA NA NA NA NA NA NA NA NA 10466 20070927 1 Anti
0 0 0 29 8 0 0 0 0 11 48 318.103448275862 169.625 NA NA NA NA NA NA NA 10466 20091205 1 Anti
0 0 0 23 23 0 0 0 0 2 48 243.347826086957 166.347826086957 NA NA NA NA NA NA NA 10466 20110831 1 Anti
0 0 0 23 12 0 0 0 0 13 48 226.739130434783 140 NA NA NA NA NA NA NA 10466 20130112 1 Anti
0 0 0 0 0 0 0 0 0 48 48 NA NA NA NA NA NA NA NA NA 10466 20070927 1 Fix
0 0 0 15 18 0 0 0 0 15 48 285.466666666667 165.777777777778 NA NA NA NA NA NA NA 10826 20100617 1 Anti
0 0 0 16 2 10 0 0 0 20 48 241.6875 171.5 145.9 NA NA NA NA NA NA 10826 20120209 1 Anti
0 0 0 26 12 4 0 0 0 6 48 249.846153846154 175.666666666667 221.5 NA NA NA NA NA NA 10826 20120813 1 Anti
47 0 0 0 0 0 0 0 0 1 48 NA NA NA 167.872340425532 NA NA NA NA NA 10185 20111216 1 VGS
44 1 0 0 0 0 0 0 0 3 48 NA NA NA 160.295454545455 140 NA NA NA NA 10185 20130225 1 VGS
44 2 0 0 0 0 0 0 0 2 48 NA NA NA 171.977272727273 82 NA NA NA NA 10185 20140630 1 VGS
0 0 0 0 0 1 NA NA NA 1 2 NA NA NA NA NA NA NA NA NA 10185 20050923 1 Anti
0 0 0 0 0 1 NA NA NA 1 2 NA NA NA NA NA NA NA NA NA 10185 20070413 1 Anti
0 0 0 39 6 0 0 0 0 3 48 250.410256410256 183.166666666667 NA NA NA NA NA NA NA 10185 20111216 1 Anti
0 0 0 40 4 0 0 0 0 4 48 250.125 167.75 NA NA NA NA NA NA NA 10185 20130225 1 Anti
0 0 0 35 7 0 0 0 0 6 48 247.314285714286 159.571428571429 NA NA NA NA NA NA NA 10185 20140630 1 Anti
0 0 0 0 0 0 0 0 0 48 48 NA NA NA NA NA NA NA NA NA 10185 20050923 1 Fix
0 0 0 0 0 0 0 0 0 48 48 NA NA NA NA NA NA NA NA NA 10185 20070413 1 Fix
0 0 0 0 0 0 41 0 6 1 48 NA NA NA NA NA NA NA NA 724.333333333333 10185 20111216 1 Fix
0 0 0 0 0 0 38 0 0 10 48 NA NA NA NA NA NA NA NA NA 10185 20130225 1 Fix
29 1 0 0 0 0 0 0 0 18 48 NA NA NA 208.724137931034 114 NA NA NA NA 10195 20081020 1 VGS
44 0 0 0 0 0 0 0 0 4 48 NA NA NA 251.454545454545 NA NA NA NA NA 10195 20091012 1 VGS
0 0 0 0 0 1 NA NA NA 1 2 NA NA NA NA NA NA NA NA NA 10195 20051010 1 Anti
0 0 0 0 0 1 NA NA NA 1 2 NA NA NA NA NA NA NA NA NA 10195 20061030 1 Anti
0 0 0 0 0 1 NA NA NA 1 2 NA NA NA NA NA NA NA NA NA 10195 20071008 1 Anti
0 0 0 35 12 0 0 0 0 1 48 262.857142857143 162.75 NA NA NA NA NA NA NA 10195 20081020 1 Anti
0 0 0 40 5 0 0 0 0 3 48 345.675 173.4 NA NA NA NA NA NA NA 10195 20091012 1 Anti
0 0 0 0 0 0 0 0 0 48 48 NA NA NA NA NA NA NA NA NA 10195 20051010 1 Fix
0 0 0 0 0 0 0 0 0 48 48 NA NA NA NA NA NA NA NA NA 10195 20061030 1 Fix
0 0 0 0 0 0 0 0 0 48 48 NA NA NA NA NA NA NA NA NA 10195 20071008 1 Fix
0 0 0 0 0 0 38 0 9 1 48 NA NA NA NA NA NA NA NA 290.555555555556 10195 20081020 1 Fix
0 0 0 0 0 0 42 0 4 2 48 NA NA NA NA NA NA NA NA 315.25 10195 20091012 1 Fix
